first_name,last_name,gender
Amelia,['Silverwood'],gf
