full_name
Richard Rorty
