full_name
Sarah-Jane Montgomery
