first_name,last_name,gender
Alvaro,['Diaz'],gm
