first_name,last_name,gender
Clara,"['Josephine', 'Ramirez']",gf
