full_name
Victor Renaud
